model,alpha,beta,miscal_function,test_plus_train_size,marginal_class_probs,fit_time_mean,fit_time_std,score_time_mean,score_time_std,test_accuracy_mean,test_accuracy_std,test_log-loss_mean,test_log-loss_std,test_ECE_mean,test_ECE_std,test_MCE_mean,test_MCE_std,test_sharpness_mean,test_sharpness_std,test_overconfidence_mean,test_overconfidence_std,test_underconfidence_mean,test_underconfidence_std,test_avg_confidence_mean,test_avg_confidence_std
No_Calibration,2,5.0,identity,1000,"0.2, 0.2, 0.2, 0.2, 0.2",4.124641418457031e-05,1.497425589468808e-05,0.002576112747192383,0.00023676644206260727,0.44722222222222224,0.0035621081595687775,1.5897866748117906,0.014018441219572388,-0.03559365079365078,0.0030354540342027543,-0.1957142857142857,0.016564311553262955,0.11260132446114945,0.0014034449997475278,-0.3928512400750782,0.0016696711576488017,-0.5240673447427728,0.0020453457489199435,0.4300024979008117,0.0012937857650897099
No_Calibration,2,5.0,identity,10000,"0.2, 0.2, 0.2, 0.2, 0.2",0.0002576351165771484,7.605251218587418e-05,0.010407352447509765,0.0005869140067149978,0.4313222222222223,0.0014310394123593112,1.6534209532258324,0.003361822842098896,-0.011415449735449742,0.0013559586152561965,-0.17309523809523814,0.046291685333495626,0.10309526293032308,0.000441010946002834,-0.401880463982224,0.0004654664371510717,-0.5343994698038701,0.0005570087219551039,0.42936498674868717,0.0003097319915039667
No_Calibration,2,5.0,root,1000,"0.2, 0.2, 0.2, 0.2, 0.2",3.4880638122558596e-05,2.8188789195703417e-06,0.0024918317794799805,0.0001285714788162928,0.6101111111111112,0.0062294931063562485,1.4223260279300918,0.012963175559758022,-0.18247354497354498,0.006426103633575049,-0.21976962491331728,0.015225969121424815,0.10167735051630844,0.0016931111186895482,-0.3864034544131892,0.0024043313164208544,-0.550453315150553,0.0022224022842823894,0.4249287445614335,0.001557212099335979
No_Calibration,2,5.0,root,10000,"0.2, 0.2, 0.2, 0.2, 0.2",0.0002414226531982422,4.6899115551532446e-05,0.010069656372070312,0.00024429522216573444,0.6041444444444445,0.001980044477199245,1.3807755727905078,0.004164197383232259,-0.17308116402116402,0.0020486698271664906,-0.21574063435303575,0.004083368186467578,0.10266564511643465,0.0004907685265775093,-0.38780476130410074,0.00044227266992221255,-0.5455853866381773,0.0005331417390359695,0.4280457935630298,0.0002826107051621314
No_Calibration,2,5.0,power,1000,"0.2, 0.2, 0.2, 0.2, 0.2",3.702640533447266e-05,2.5157899143965742e-06,0.0025363445281982424,0.00011989569669877761,0.28255555555555556,0.006351608892880667,1.858144827682845,0.014917330870265973,-0.1463206349206349,0.005332996336039906,-0.8495833333333336,0.2046068938454184,0.10148867734121203,0.0015365554314017546,-0.4098286867831207,0.002058144491020094,-0.5338192631015172,0.002110747724953568,0.42574922058326176,0.0015776564124540926
No_Calibration,2,5.0,power,10000,"0.2, 0.2, 0.2, 0.2, 0.2",0.00022459030151367188,5.889491219645566e-05,0.009766101837158203,9.476144639901715e-05,0.28531111111111107,0.0013474560698153667,1.8824300643598015,0.004791276520103314,-0.14733592592592595,0.0011740968039025777,-0.2146387162362334,0.0128444362594333,0.10380036432122379,0.0003978613915944087,-0.41275321166502915,0.00034601244694489183,-0.528053777897089,0.0013775914967215442,0.4296420334021649,0.0004173907746530228
No_Calibration,3,0.75,identity,1000,"0.2, 0.2, 0.2, 0.2, 0.2",3.361701965332031e-05,2.2895908818066806e-06,0.002439451217651367,9.240419819360922e-05,0.8542222222222222,0.004312867149039888,0.596706315519667,0.015290250605951825,-0.034065608465608445,0.003405667211852508,-0.6371428571428572,0.16263142252294527,0.12895525471514996,0.002262733554080585,-0.7123003060840567,0.005760653412227512,-0.13044232520718943,0.0010849993066364152,0.8466346847825781,0.001013661375318915
No_Calibration,3,0.75,identity,10000,"0.2, 0.2, 0.2, 0.2, 0.2",0.0002105236053466797,8.681841590897146e-06,0.009775471687316895,0.0001986162092140286,0.8393666666666666,0.0011724430779014464,0.6597249220270462,0.0038819759123151078,-0.01188126984126981,0.001060512765968694,-0.10413574864441913,0.04130230861529058,0.13943267234452814,0.0008394432387680197,-0.7038881798625265,0.0013606238794007335,-0.13543792165677654,0.0005075354307195902,0.8387529068981445,0.0004918719803254247
No_Calibration,3,0.75,root,1000,"0.2, 0.2, 0.2, 0.2, 0.2",3.321170806884766e-05,2.1852868868527925e-06,0.0024152755737304687,3.340871149135237e-05,0.9039999999999999,0.001829494671885715,0.4750445168864318,0.0066460157316535024,-0.07148835978835977,0.0021876884025766397,-0.7311904761904762,0.11218556461073534,0.13522159660231575,0.0021074422309721374,-0.7137152754710552,0.005318696213274834,-0.14673455833945792,0.0013106377582584388,0.83986597372786,0.001063880030375572
No_Calibration,3,0.75,root,10000,"0.2, 0.2, 0.2, 0.2, 0.2",0.00021235942840576173,1.2901581061592675e-05,0.009707355499267578,7.560180921492629e-05,0.9051666666666668,0.0008302411767207199,0.4583209776065174,0.0033659174198818888,-0.07140042328042326,0.0010166980776531228,-0.24078440414631075,0.0080636360353575,0.13460338783353473,0.000636862529715374,-0.691734249798358,0.0017386891204989176,-0.14410018359150867,0.0006387895333919256,0.8403313533950934,0.0006363502675194479
No_Calibration,3,0.75,power,1000,"0.2, 0.2, 0.2, 0.2, 0.2",3.5643577575683594e-05,2.634018805690853e-06,0.0025421619415283204,0.0001510500066923369,0.7485555555555556,0.004858773688476312,0.9393137106944807,0.020665170723520854,-0.08761164021164022,0.004450030922543535,-0.34819180819180817,0.11056804108695784,0.13648357011686713,0.0024638149771901187,-0.7296114166640375,0.004471373456228188,-0.12286010869288366,0.0013078267542481678,0.8400546379870077,0.0018173864197369304
No_Calibration,3,0.75,power,10000,"0.2, 0.2, 0.2, 0.2, 0.2",0.00023179054260253907,4.620822979036235e-05,0.010301542282104493,0.00038854125542685925,0.7299777777777777,0.0018620460154120137,1.0048581706386879,0.00729987627189988,-0.10048619047619049,0.0015548070451555686,-0.2343633907463695,0.020073403568678753,0.13821981041646977,0.0007195751364398829,-0.7226491416408295,0.0010782806845611198,-0.12107065998247024,0.0005171801788397624,0.836730022547189,0.0006708373765327872
Platt_scaling,2,5.0,identity,1000,"0.2, 0.2, 0.2, 0.2, 0.2",0.004290223121643066,0.0001765027714872954,0.012303614616394043,0.0002302239847776805,0.40055555555555566,0.017795130420052194,1.5185920479533357,0.04711729115717087,-0.050670899470899464,0.015387774046537142,-0.23833333333333334,0.18367954493224778,0.06261896253606059,0.01314010485057558,-0.36848258341508966,0.024138765028805634,-0.574784861100697,0.03269947529729507,0.3913208600570239,0.027681559805438707
Platt_scaling,2,5.0,identity,10000,"0.2, 0.2, 0.2, 0.2, 0.2",0.00822465419769287,0.0005113208204421588,0.044100022315979,0.0014869114236671151,0.4173444444444444,0.0043215890234082595,1.4845595978317463,0.0018823240560747801,-0.047409470899470896,0.007722700703714547,-0.18574105526354132,0.07685795544248443,0.058952493025829125,0.006054436318622694,-0.34624971536140997,0.007793311800471044,-0.6019402402568964,0.009045464351996236,0.3678732326973795,0.008434225101195944
Platt_scaling,2,5.0,root,1000,"0.2, 0.2, 0.2, 0.2, 0.2",0.004246425628662109,9.549799564680827e-05,0.012386298179626465,0.00021748117828501495,0.5156666666666665,0.011178192565261334,1.3590031361353434,0.030247679029031804,-0.08079259259259257,0.021571703740016542,-0.22319189061763317,0.03776472733470201,0.10267484658834794,0.016674370073978134,-0.4119233511722866,0.029711678220746125,-0.5076369655343006,0.03611345333415063,0.4533585180079499,0.03260858313894131
Platt_scaling,2,5.0,root,10000,"0.2, 0.2, 0.2, 0.2, 0.2",0.007821130752563476,0.00014832734993302897,0.044165396690368654,0.0022905002162439234,0.5786444444444444,0.00950846853793498,1.286322880885349,0.00432880295713875,-0.10647465608465607,0.014678253000241758,-0.24028740158154321,0.2244293122216152,0.12735405697676136,0.010145497373950376,-0.4212319601910349,0.012513573294926769,-0.4935782245485587,0.01365625216261715,0.4704933592414499,0.01315058302711223
Platt_scaling,2,5.0,power,1000,"0.2, 0.2, 0.2, 0.2, 0.2",0.004168224334716797,9.132637080473316e-05,0.012736368179321288,0.001168244748952812,0.2551111111111111,0.017840937188962954,1.6118122243667052,0.01773819827805597,-0.05528624338624338,0.028697153916412095,-0.2855703387521569,0.19245387924067506,0.01706604685533302,0.008736003344199685,-0.2908642509279947,0.025965518044346103,-0.6933451419386041,0.028495744518495285,0.2948819959588535,0.026556590710069314
Platt_scaling,2,5.0,power,10000,"0.2, 0.2, 0.2, 0.2, 0.2",0.007896161079406739,0.000681182408586327,0.04351968765258789,0.0017067857926912726,0.27594444444444444,0.002392976692021837,1.5877365970032418,0.0016570391707142384,-0.02367005291005291,0.006234661218802258,-0.3735519100453411,0.14314430660625516,0.011470908160735248,0.003058146413255618,-0.26701858549316787,0.00896281667117955,-0.7164392036756957,0.01105419910761867,0.2715852327689459,0.009543045731288181
Platt_scaling,3,0.75,identity,1000,"0.2, 0.2, 0.2, 0.2, 0.2",0.004228425025939941,9.608239485951453e-05,0.012203717231750488,0.0001769119569917548,0.8394444444444445,0.004750279754955824,0.663455106115023,0.042832495171409996,-0.06318677248677244,0.01078394021179383,-0.3708333333333333,0.1031917720757671,0.05138372944852243,0.004453279651289578,-0.7560559068387034,0.025928325436515957,-0.1437416429659011,0.026168846685100357,0.8401640426525757,0.025631086136750025
Platt_scaling,3,0.75,identity,10000,"0.2, 0.2, 0.2, 0.2, 0.2",0.007909917831420898,0.0003383456401520348,0.043300533294677736,0.0015454594443307292,0.8397222222222223,0.0010673480334066174,0.6227764348808001,0.004682263273270776,-0.06142111111111108,0.0068531429009825355,-0.19695473984319317,0.04885485574616839,0.05133787106579901,0.0010082961443979724,-0.7509848315416621,0.012135094349651519,-0.15192533601288433,0.010022664823018359,0.8325148729413516,0.0102511959540538
Platt_scaling,3,0.75,root,1000,"0.2, 0.2, 0.2, 0.2, 0.2",0.004445648193359375,0.0007409341462057855,0.012842988967895508,0.0008828681669904572,0.8834444444444445,0.006445934267978958,0.5533283287968948,0.14139142821272696,-0.04496560846560844,0.014054530695048176,-0.45730158730158743,0.11415446608206015,0.049585684746438284,0.007967937303371019,-0.7773363325536078,0.025126131462581018,-0.11786694994272887,0.022659041338658283,0.8698544381828542,0.021915071927123705
Platt_scaling,3,0.75,root,10000,"0.2, 0.2, 0.2, 0.2, 0.2",0.008062171936035156,0.0002929481032307244,0.04472193717956543,0.003157278650468276,0.9075333333333335,0.0007888106377466224,0.41260588435068923,0.0024123846242789723,-0.03638682539682532,0.003314879420564378,-0.3010770808139229,0.06471556946834268,0.04293178148427517,0.0014119322995864488,-0.8076048010668597,0.007797331363341904,-0.0964053255910861,0.005012484811474361,0.8947169739687263,0.005122001292299389
Platt_scaling,3,0.75,power,1000,"0.2, 0.2, 0.2, 0.2, 0.2",0.004471874237060547,0.00054529420181893,0.013101887702941895,0.0008034244204769621,0.7425555555555555,0.005291243380886478,0.9201653257958078,0.10879654666549034,-0.07471322751322751,0.0169045555073748,-0.4368711843711844,0.16558785577314722,0.05875573001759671,0.0070505188190888345,-0.693161062993699,0.023240382376442218,-0.21961285563092567,0.023161301857746435,0.7579217318066773,0.022686292466028213
Platt_scaling,3,0.75,power,10000,"0.2, 0.2, 0.2, 0.2, 0.2",0.008203792572021484,0.00026768914953489634,0.0457960844039917,0.001842788713988212,0.7377777777777779,0.0014749857593881238,0.889296963997498,0.005237200340292199,-0.10331619047619048,0.004712260301478642,-0.24442647200732445,0.06828600801182894,0.05342914353269618,0.0011913232479874494,-0.6777957335599134,0.014488620981651176,-0.23179046585534246,0.012953370222376394,0.7445024898121109,0.01322588859348704
Isotonic_Regression,2,5.0,identity,1000,"0.2, 0.2, 0.2, 0.2, 0.2",0.003857874870300293,0.0007090809526782881,0.012217283248901367,0.0015963636197205626,0.37600000000000006,0.01708688360178214,3.190413925924345,0.6922371082132533,-0.06487037037037038,0.0174131088676132,-0.20464647444379386,0.05651183177269583,0.10165594589771994,0.024035960553967617,-0.39273212346131026,0.03395316438876978,-0.5343948390403186,0.0412573990068041,0.4201440457076114,0.03713615668397103
Isotonic_Regression,2,5.0,identity,10000,"0.2, 0.2, 0.2, 0.2, 0.2",0.004481625556945801,0.0001964106426186343,0.05006554126739502,0.0016451473250412834,0.4067222222222222,0.0038473085741523518,1.6091357565385564,0.07421771701131272,-0.02842560846560845,0.007979397008393022,-0.3316803737888598,0.262769456988824,0.087110399963033,0.009225146056075514,-0.36004909214592085,0.009934057433506638,-0.5703866790176492,0.00994975535881268,0.3883360244137351,0.00995151200502988
Isotonic_Regression,2,5.0,root,1000,"0.2, 0.2, 0.2, 0.2, 0.2",0.0033063173294067385,0.00011772009994045658,0.011025071144104004,0.00014824201210621044,0.5269999999999999,0.019337802803936887,2.6864066332710026,0.5146156150689286,-0.06059841269841269,0.014194776086439912,-0.339911748402797,0.2721764572638375,0.15190797008952622,0.013298460934947014,-0.47010646219244795,0.043426368046798114,-0.4188833035372276,0.03961070042874909,0.5283772229900671,0.04163461837852161
Isotonic_Regression,2,5.0,root,10000,"0.2, 0.2, 0.2, 0.2, 0.2",0.004447317123413086,0.00018958440825793984,0.05196247100830078,0.0018390232125893643,0.5686444444444444,0.004785896060028252,1.3886964237283381,0.06763836315204892,-0.06979550264550263,0.007783325049304594,-0.1368094002574583,0.022278450427042032,0.13161951281988377,0.005635038383201564,-0.44331269839660514,0.007822128863305066,-0.45806095559201265,0.00790687422055719,0.4993862184735242,0.007601035997684896
Isotonic_Regression,2,5.0,power,1000,"0.2, 0.2, 0.2, 0.2, 0.2",0.0034386396408081056,0.0003973718491472663,0.011030769348144532,0.0009215520676248287,0.26399999999999996,0.012341727762760617,3.155662405387903,0.7997631308400068,-0.08896296296296297,0.03243867855023723,-0.5404489596425079,0.19107999465367248,0.06307768418821785,0.025034295153817717,-0.3373196422794166,0.03467490008443566,-0.6274348071977771,0.035444764446088246,0.3465975559967071,0.03479922977820805
Isotonic_Regression,2,5.0,power,10000,"0.2, 0.2, 0.2, 0.2, 0.2",0.004541516304016113,0.00030580995835030036,0.04803452491760254,0.002682960158298396,0.27823333333333333,0.005459528110370768,1.7293273060130088,0.09692347493014276,-0.02635772486772487,0.0073668497404712555,-0.3975324675324675,0.2182996553376582,0.03633758051337051,0.006901139175609176,-0.2824822199531783,0.010602055630899167,-0.6845534885841082,0.012646256616065258,0.2916503208589962,0.011121382674617626
Isotonic_Regression,3,0.75,identity,1000,"0.2, 0.2, 0.2, 0.2, 0.2",0.003278160095214844,7.912290132953272e-05,0.011211085319519042,0.0005053817314764364,0.833777777777778,0.010889140838606958,1.8535385561846738,0.40540936995790305,-0.04113492063492062,0.011029168251109252,-0.4025,0.1460106631606533,0.12929185575041974,0.033819348457535495,-0.7107602134546638,0.05107383386427133,-0.13551667640959175,0.023602567800054895,0.8387041495520157,0.02890619795626239
Isotonic_Regression,3,0.75,identity,10000,"0.2, 0.2, 0.2, 0.2, 0.2",0.00465688705444336,0.00032492406913124764,0.05441505908966064,0.0017999874050066839,0.8339222222222222,0.0012239606043669851,0.7337596341602373,0.06297508070617545,-0.034484656084656055,0.005196922306108333,-0.18897572190114023,0.07948385657176821,0.09501392816603457,0.011674010759784586,-0.7158511316234086,0.01596047690482398,-0.14781258135177877,0.009385671578361949,0.8295476865874605,0.010123734059819986
Isotonic_Regression,3,0.75,root,1000,"0.2, 0.2, 0.2, 0.2, 0.2",0.0032936811447143556,0.0001497948955848908,0.010595417022705078,0.000402631895816029,0.900222222222222,0.01012676850378334,1.9936905505851523,0.64422593886372,-0.035594708994709,0.013475311198434432,-0.41773809523809524,0.14350651572465128,0.06730392134663572,0.023356789399832524,-0.8149620935723592,0.058986219558870186,-0.06279308276866788,0.02787219964561482,0.9249498442716686,0.030027357873686888
Isotonic_Regression,3,0.75,root,10000,"0.2, 0.2, 0.2, 0.2, 0.2",0.004352927207946777,0.00010504822582154395,0.0504206657409668,0.0014445192795616985,0.908111111111111,0.0008429486427215608,0.5609205205491523,0.04377078818875404,-0.021103915343915303,0.004669170691982602,-0.3402039627039627,0.1733954950178216,0.046948271193049056,0.006675270539176955,-0.8121220158594007,0.011369234540278663,-0.09090706057906521,0.005030060064551997,0.9001776057950694,0.005294187917471504
Isotonic_Regression,3,0.75,power,1000,"0.2, 0.2, 0.2, 0.2, 0.2",0.003293561935424805,0.0001340242709428791,0.011045527458190919,0.00019274257762960214,0.7393333333333334,0.008968776810468329,2.350084342555161,0.5671847524984702,-0.05608730158730159,0.011799536857264458,-0.28505785521842614,0.1762873179900084,0.2211173846117779,0.04131197959423418,-0.6205475089689519,0.05332136647937704,-0.18094795213481984,0.02657386998124077,0.7671416261073947,0.034138451992808974
Isotonic_Regression,3,0.75,power,10000,"0.2, 0.2, 0.2, 0.2, 0.2",0.004516696929931641,0.0003009189475540799,0.05472078323364258,0.0019768486808297934,0.7351333333333334,0.0018142856371348632,0.9856124374889171,0.07668103420984236,-0.0445968783068783,0.005841937933330015,-0.1668853603902321,0.06652667310204612,0.1768441018743642,0.016554460552787413,-0.5981430760157653,0.015584964001495427,-0.22317667998419433,0.011691861465724249,0.7294944663107039,0.012149827158324767
Beta_Calibration,2,5.0,identity,1000,"0.2, 0.2, 0.2, 0.2, 0.2",0.009428453445434571,0.0008563712732413402,0.016959571838378908,0.0009027260193454291,0.38888888888888895,0.017576015581784704,1.5058530550091227,0.01899792108573099,-0.06246931216931216,0.013281370908055432,-0.22925049640523937,0.09556497924050042,0.0714003604028419,0.01901120585381735,-0.35357727684297474,0.026938158066996468,-0.5768916925992714,0.03623989158299098,0.38058004669091094,0.030615778918533995
Beta_Calibration,2,5.0,identity,10000,"0.2, 0.2, 0.2, 0.2, 0.2",0.01642763614654541,0.000632756682932016,0.061910247802734374,0.0012090133621095922,0.4083,0.004741333874932263,1.4847777402521396,0.0023645072191232274,-0.05150164021164021,0.009527191918311998,-0.18690825492183732,0.06009372655556737,0.06449467212148922,0.005078174018238543,-0.33414001864402243,0.00692064138397125,-0.6106761916505246,0.009288533624855292,0.35666494160747947,0.007794822017793486
Beta_Calibration,2,5.0,root,1000,"0.2, 0.2, 0.2, 0.2, 0.2",0.009328150749206543,0.00038802215720845873,0.017168617248535155,0.0007835412598051577,0.558,0.013279727632025994,1.3204062593289072,0.035199347868731995,-0.10042222222222222,0.022991106272940345,-0.20782310904303788,0.04235014105113298,0.11997356370797722,0.014505415558750323,-0.41007965658248063,0.02139088980965213,-0.4974018878421134,0.0251537418286363,0.4616419622783729,0.022953105513104442
Beta_Calibration,2,5.0,root,10000,"0.2, 0.2, 0.2, 0.2, 0.2",0.017415404319763184,0.0012714347138533708,0.061803007125854494,0.00156003796960724,0.5832555555555556,0.004884692362753032,1.2754175616310566,0.001916100458873965,-0.12181333333333333,0.010475489031677677,-0.18822439741026828,0.0443230353648973,0.13338316765365352,0.007402042728946551,-0.4069566565675286,0.009255360569527582,-0.503315329782617,0.011023601426310151,0.4592838302816145,0.010296541029426638
Beta_Calibration,2,5.0,power,1000,"0.2, 0.2, 0.2, 0.2, 0.2",0.009871935844421387,0.0004885811401425265,0.01701338291168213,0.00026526897853218116,0.2547777777777778,0.01887835581411078,1.6296661148173281,0.03000659804363623,-0.0563957671957672,0.02411489543165431,-0.31313598682019733,0.17553332180103667,0.02156163222102356,0.011674482528522677,-0.2942376641674206,0.028575783265353823,-0.6903601011219173,0.03331288534032533,0.2982043940467306,0.02985459341279357
Beta_Calibration,2,5.0,power,10000,"0.2, 0.2, 0.2, 0.2, 0.2",0.016327595710754393,0.0008542771465160583,0.06204202175140381,0.002395509435190859,0.28278888888888887,0.002618625908007955,1.5794769897440992,0.001724733652867789,-0.02626693121693121,0.0043093089791050605,-0.36858527044397527,0.11030910584855064,0.021556372323882012,0.004959507122994546,-0.278564147695852,0.008911483861326272,-0.6959605829220197,0.01153397255873809,0.2857663333579474,0.00963893977176311
Beta_Calibration,3,0.75,identity,1000,"0.2, 0.2, 0.2, 0.2, 0.2",0.00823802947998047,0.00032938899016888066,0.016794919967651367,0.00034172865768359256,0.8405555555555555,0.003638311611923771,0.6706853507744299,0.04150739725052856,-0.05887566137566136,0.02409351093049497,-0.4893939393939394,0.17276822524426896,0.10874314093970935,0.014987538228326252,-0.6926758637140951,0.04986228790841635,-0.17685561987813928,0.0386055837491566,0.8023532193146006,0.04006413513711676
Beta_Calibration,3,0.75,identity,10000,"0.2, 0.2, 0.2, 0.2, 0.2",0.012581992149353027,0.0006115328373859981,0.06313629150390625,0.0028371927379543635,0.8393,0.0015199180542491261,0.6259989911224852,0.0059286134430209195,-0.03743164021164018,0.011443437975260002,-0.2573809523809524,0.18931674232397477,0.12458171299401197,0.0040451282004824556,-0.6799290099358659,0.012979421067897299,-0.16716963524342726,0.012087290017756366,0.8082592773588491,0.011970839030697148
Beta_Calibration,3,0.75,root,1000,"0.2, 0.2, 0.2, 0.2, 0.2",0.008488845825195313,0.0003802730546075699,0.01665048599243164,0.0002879022957153085,0.8967777777777777,0.008020036636719402,0.71957187061058,0.2592220416534681,-0.040588359788359764,0.020761254207959694,-0.44785714285714284,0.17115811263650343,0.0701543996447975,0.01781363537514264,-0.7747219232345899,0.05018861276289885,-0.1066695321481634,0.028828184463170987,0.8809788556871935,0.03032345571273976
Beta_Calibration,3,0.75,root,10000,"0.2, 0.2, 0.2, 0.2, 0.2",0.014119434356689452,0.001818754231014942,0.07119667530059814,0.007667515284119203,0.9092111111111111,0.0009434635429046331,0.4192663492984937,0.0040156918539639985,-0.035884021164021125,0.005527120504854634,-0.23963795271340027,0.07515641599807499,0.08707038082837332,0.004549019126350518,-0.7559117796909934,0.009887230232862452,-0.10764450586658345,0.005086502005701543,0.8799656323259771,0.005369425734013596
Beta_Calibration,3,0.75,power,1000,"0.2, 0.2, 0.2, 0.2, 0.2",0.008263230323791504,0.0004268658155524181,0.01689445972442627,0.0006936593903035315,0.7276666666666667,0.007544108976341315,0.915108219273241,0.02936912046621686,-0.07944444444444446,0.015105334857552668,-0.2033227513227513,0.05791041104079444,0.1316062813427099,0.011763396613728853,-0.5997725851265274,0.03858515216593207,-0.2467166109255091,0.03448958590604314,0.7114612104778926,0.034726326742971894
Beta_Calibration,3,0.75,power,10000,"0.2, 0.2, 0.2, 0.2, 0.2",0.01279139518737793,0.000916383622113071,0.0642282485961914,0.003427211114730645,0.7346888888888888,0.0017330800701331032,0.8704971327459315,0.005055768966246051,-0.060521322751322756,0.005686948873032544,-0.18592216311948231,0.0623393861646237,0.14788684460694126,0.004158483477389384,-0.5928004044845944,0.01477254705171469,-0.24351173923097152,0.013279939535031001,0.7130609475329547,0.013375106639083718
Histogram_Binning,2,5.0,identity,1000,"0.2, 0.2, 0.2, 0.2, 0.2",0.00441741943359375,0.00047743451266057333,0.025991439819335938,0.00042516993573592774,0.3457777777777778,0.021575782796741844,10.508154147583346,1.3221089420837673,-0.17396666666666669,0.04545018290396984,-0.628471959685195,0.12794948970336925,0.19233105402382975,0.03551646186721873,-0.5028635486246642,0.039919044729577254,-0.4529612267986901,0.04500913773735493,0.5182423570256903,0.04076354306862831
Histogram_Binning,2,5.0,identity,10000,"0.2, 0.2, 0.2, 0.2, 0.2",0.0054471492767333984,0.00015427727099413425,0.1946113348007202,0.00427963878805053,0.3990222222222222,0.005195703617106873,1.5014703625459629,0.006652308848619245,-0.030920052910052908,0.006562837091841589,-0.2803917007566642,0.2469952074360721,0.06120571788285277,0.008628602212821128,-0.3706490191043431,0.009075912733440303,-0.577054334765443,0.013608958479001758,0.39149680828283906,0.010669756369068585
Histogram_Binning,2,5.0,root,1000,"0.2, 0.2, 0.2, 0.2, 0.2",0.004270577430725097,0.00025369231743492353,0.026024270057678222,0.00033854917830435896,0.49044444444444435,0.024912466786164357,9.264279765599156,0.755724236356591,-0.13232328042328043,0.028212212488456782,-0.4780666025257455,0.10010481694609036,0.243081426418071,0.030707683827484424,-0.559971530390021,0.038165840735306655,-0.3601566965523454,0.04376793300473436,0.5989048281148771,0.0400814906466167
Histogram_Binning,2,5.0,root,10000,"0.2, 0.2, 0.2, 0.2, 0.2",0.005379891395568848,7.772985636594047e-05,0.1945615291595459,0.002986592712692164,0.5612777777777778,0.0061401666174897085,1.350132807311594,0.11553287550705993,-0.06514317460317458,0.011483309434376211,-0.20526790249085297,0.24967338438481093,0.11918770771403957,0.006487111934262423,-0.45124411436587775,0.011698485705184733,-0.4541022152074901,0.012750139629736116,0.5043655335451749,0.011946351055052817
Histogram_Binning,2,5.0,power,1000,"0.2, 0.2, 0.2, 0.2, 0.2",0.004301142692565918,0.0001372073110493605,0.026618027687072755,0.0007277794239350223,0.2282222222222222,0.013539557448905358,11.605580097263884,1.2157824231294057,-0.22142222222222224,0.035825040608272685,-0.7130514989525674,0.09199688604844475,0.16025459331800082,0.03599829886153258,-0.44897956283929374,0.02916484921782483,-0.5415469341302614,0.0301304517837707,0.45116983479483486,0.028445720899899416
Histogram_Binning,2,5.0,power,10000,"0.2, 0.2, 0.2, 0.2, 0.2",0.005665636062622071,0.00046779731846141804,0.1983417272567749,0.005035143427152836,0.2682,0.004850240048929132,1.6152017843700324,0.007043689182163798,-0.04604021890733303,0.007043832184869676,-0.30137121660562755,0.22507205721568108,0.023433226011674628,0.006195403639386322,-0.30203560774664834,0.0069714555378386734,-0.6768911820034795,0.009623849909556857,0.3076948115398662,0.0076349712576610365
Histogram_Binning,3,0.75,identity,1000,"0.2, 0.2, 0.2, 0.2, 0.2",0.004253411293029785,0.00011928309434135679,0.026312899589538575,0.0008023169162568345,0.795222222222222,0.015635157877858786,4.2623253290524525,0.4237010991957615,-0.08069735449735449,0.011063826714023428,-0.3651906158357771,0.1500135821940389,0.22069231911116124,0.028371714465766477,-0.6691462838327153,0.03595146242588992,-0.15281989596856202,0.030400569337528143,0.8105426764264096,0.03065130091125
Histogram_Binning,3,0.75,identity,10000,"0.2, 0.2, 0.2, 0.2, 0.2",0.0054121255874633786,0.0001314857964919342,0.19565281867980958,0.003201521710084537,0.8330111111111111,0.0047961032422179865,1.2566388955459487,0.16141409847366606,-0.0288196296296296,0.0036732079140084028,-0.2931095571095571,0.17101737072630338,0.1003548919009543,0.012792201995290605,-0.7170399748471111,0.016507181373109355,-0.1547874886015394,0.0073780600680408885,0.823761576092257,0.007918670634101836
Histogram_Binning,3,0.75,root,1000,"0.2, 0.2, 0.2, 0.2, 0.2",0.004303097724914551,0.00019218480649808053,0.026026701927185057,0.0006488455074223504,0.8620000000000001,0.01862782555140731,2.8780330008462123,0.25869809287774964,-0.07778412698412698,0.016708773885972087,-0.35429437229437233,0.1323036611326657,0.18937916798268722,0.042673611035771206,-0.7182644109767848,0.0712858184647441,-0.1104105097370514,0.03601676034719234,0.8654558481641816,0.040687373628997686
Histogram_Binning,3,0.75,root,10000,"0.2, 0.2, 0.2, 0.2, 0.2",0.0056090116500854496,0.00039728662128987643,0.19540882110595703,0.0022477559903460926,0.9005444444444445,0.004043131655072184,1.1183529898200177,0.06494189489547508,-0.025407089947089907,0.005955107838118263,-0.2986288998357964,0.10461600203593668,0.07463518350497197,0.01350270243988029,-0.7692807726949619,0.022782385824817366,-0.09814298517564665,0.008039503499044033,0.8886063134195652,0.008303231629284539
Histogram_Binning,3,0.75,power,1000,"0.2, 0.2, 0.2, 0.2, 0.2",0.0043133020401000975,0.0002343262638779998,0.027122879028320314,0.0012335674533842883,0.7036666666666667,0.016662962551348852,6.062000393190182,0.5454111642006456,-0.08422804232804232,0.019005857847007205,-0.33148895190830674,0.1722860313835545,0.2698072629534184,0.0280589046114227,-0.6157901294878281,0.03514501299851863,-0.19655589477381283,0.032075936174935746,0.7479329854913569,0.03205162557319317
Histogram_Binning,3,0.75,power,10000,"0.2, 0.2, 0.2, 0.2, 0.2",0.005451202392578125,0.00022780151852439762,0.19425501823425292,0.002454142985784605,0.7374777777777778,0.0018212659339576882,1.3343302060990123,0.14519473904879232,-0.04254645502645503,0.007083484756564592,-0.1533023020881627,0.04305819392717223,0.16969342469780563,0.0210156396232194,-0.6051866818969811,0.016861443854547953,-0.22425997398355565,0.0078910694227882,0.7309645812016013,0.009013693078900297
Bayesian_Binning_into_Quantiles,2,5.0,identity,1000,"0.2, 0.2, 0.2, 0.2, 0.2",0.05159828662872314,0.0030449971247688223,0.38037259578704835,0.004959780877015064,0.29066666666666663,0.025273266454032335,1.6028819478783312,0.021965217639626246,-0.04773015873015873,0.02041580493905397,-0.1159243547238048,0.08391382650244161,0.010567144906468129,0.009627267643280995,-0.29477357185091957,0.03435907191064474,-0.698976736951033,0.03713709004808398,0.2966655556367155,0.03513397674714127
Bayesian_Binning_into_Quantiles,2,5.0,identity,10000,"0.2, 0.2, 0.2, 0.2, 0.2",0.7359734058380127,0.00799390247725782,19.180904078483582,0.3510887724067489,0.3895,0.005384591642872648,1.5050212320547858,0.00890434480219312,-0.04947306878306878,0.014809076491023603,-0.20741010380311323,0.17731767750906732,0.024977282821116064,0.011381167908518619,-0.3403536377767918,0.018921583611286957,-0.6334641591014816,0.025875693817410728,0.35058072642536653,0.02161437316458741
Bayesian_Binning_into_Quantiles,2,5.0,root,1000,"0.2, 0.2, 0.2, 0.2, 0.2",0.05222656726837158,0.005373095206108942,0.3854817867279053,0.006981139863134494,0.49188888888888893,0.044268323881915025,1.6199124387410317,0.19060751222928876,-0.0760089947089947,0.020456782148249683,-0.2740768588137009,0.07558139434626553,0.053544211959904386,0.01914542742640091,-0.41452781818423795,0.029907418663891072,-0.5364145255141429,0.03716958173034517,0.43882045539014725,0.034193955043791156
Bayesian_Binning_into_Quantiles,2,5.0,root,10000,"0.2, 0.2, 0.2, 0.2, 0.2",0.7383004903793335,0.008601634125901356,18.952293848991395,0.15249040818271264,0.560088888888889,0.00508765417119782,1.2634459122398005,0.004741929465131448,-0.07286132275132273,0.009815094178612187,-0.15548303244638487,0.04633243252505785,0.09838585076060387,0.01405672532757444,-0.4408069155305408,0.008659243660198547,-0.4774433083864051,0.013018896751939193,0.48659301090946033,0.01110744646038785
Bayesian_Binning_into_Quantiles,2,5.0,power,1000,"0.2, 0.2, 0.2, 0.2, 0.2",0.05242784023284912,0.0062461930821719166,0.3892381191253662,0.005107990667252504,0.20099999999999998,0.010216450329680092,1.6425097430408833,0.026598952431604116,-0.07441851851851852,0.040920995029860054,-0.0877487353414996,0.05619141168035131,0.0018288458091671636,0.0031304434053073017,-0.27325519474629256,0.03026277358135113,-0.7269023771509332,0.02939953376549858,0.273233244179429,0.030075872636746753
Bayesian_Binning_into_Quantiles,2,5.0,power,10000,"0.2, 0.2, 0.2, 0.2, 0.2",0.8287249565124511,0.20784524758857426,50.941700506210324,51.081893040504,0.21215555555555557,0.011453634090629486,1.609975280332462,0.0016092241044058028,-0.024086084656084656,0.008309473190419898,-0.027757381639939054,0.012972219877577401,0.00034604081428963647,0.0005263528443363645,-0.22310458303414626,0.011645494279193338,-0.7764894638598397,0.011966002772148534,0.22319302126914953,0.01171833696249049
Bayesian_Binning_into_Quantiles,3,0.75,identity,1000,"0.2, 0.2, 0.2, 0.2, 0.2",0.060139942169189456,0.015913108748480412,0.4181779146194458,0.03621628365935223,0.8323333333333334,0.011420987587594779,1.3693663370149511,0.3959534737757272,-0.0463421249317882,0.019661948678346013,-0.3205775729646697,0.14255506682458735,0.14235648749796898,0.02333756162750033,-0.7020858664074328,0.05491153332159317,-0.13442900953254178,0.03496338096345073,0.8380372275059669,0.03767908433274565
Bayesian_Binning_into_Quantiles,3,0.75,identity,10000,"0.2, 0.2, 0.2, 0.2, 0.2",159.39568424224854,501.5139933942237,504.21397681236266,1084.0022445579054,0.8303222222222223,0.0040353207360843794,0.6626270066669802,0.028841951504910094,-0.04070248677248674,0.006031482404224738,-0.2601424501424502,0.11244536209347307,0.11052392547144925,0.031483678764529385,-0.6871147567532956,0.035850260088026276,-0.16196934218203554,0.0088815414490884,0.8123304124743967,0.012534840276099163
Bayesian_Binning_into_Quantiles,3,0.75,root,1000,"0.2, 0.2, 0.2, 0.2, 0.2",0.05266833305358887,0.0026002283681929804,0.38845367431640626,0.004205582032589689,0.8716666666666665,0.01059608851919998,1.3074781435433969,0.3320595197043922,-0.05230366046767697,0.024479899950707762,-0.3392857142857143,0.08937825891705764,0.12217244514511882,0.05207261861014118,-0.7376158926489069,0.08550575154180035,-0.11686369012605738,0.041859245890042515,0.8640696379446802,0.04848232899627769
Bayesian_Binning_into_Quantiles,3,0.75,root,10000,"0.2, 0.2, 0.2, 0.2, 0.2",0.7771065473556519,0.03415054476831907,19.047856402397155,0.10178584521953422,0.8975,0.0038272899221444144,0.5063035136003359,0.04620473843872397,-0.029149365079365035,0.007212287180436942,-0.4744429469901167,0.19782283093544836,0.06461760875175261,0.02275439846761929,-0.7780672876837696,0.03809128158099796,-0.11016052937827021,0.009074383210338802,0.878287506296202,0.011753613605865524
Bayesian_Binning_into_Quantiles,3,0.75,power,1000,"0.2, 0.2, 0.2, 0.2, 0.2",0.11958074569702148,0.1624629154377711,0.5661384582519531,0.22920617858186104,0.7136666666666668,0.009370443565809823,1.5731749140468556,0.2996184889104707,-0.0785984126984127,0.061049268532232186,-0.29352889492155,0.09487953807481316,0.19388024044764726,0.05705112229928977,-0.5681964217266398,0.07953258238033603,-0.2658627206907045,0.10474580894486821,0.6866619259459504,0.09767055791259498
Bayesian_Binning_into_Quantiles,3,0.75,power,10000,"0.2, 0.2, 0.2, 0.2, 0.2",0.7723310470581055,0.038487806641786325,19.241838669776918,0.25582857978816415,0.7290222222222222,0.002711455149188918,0.9199059844820432,0.03188829937669406,-0.060905873015873004,0.010122076703703648,-0.14908450293082262,0.049108846396625064,0.15563156931548883,0.03636796695062345,-0.5969682476938213,0.02611951669546748,-0.2417703340955438,0.008444020968679796,0.714481822226156,0.011189049926946292
Temperature_Scaling,2,5.0,identity,1000,"0.2, 0.2, 0.2, 0.2, 0.2",0.002321481704711914,0.0014424604486728816,0.003981733322143554,0.0006974378078742304,0.40377777777777774,0.004293741258130207,1.5104320146340926,0.013829822173596377,-0.0646825396825397,0.01407048948087687,-0.22611909973937044,0.05903344407756566,0.08651874566654819,0.03656377478165415,-0.35576019987273605,0.03680481548108052,-0.586978828460846,0.048575475313883516,0.37884610457175316,0.04139004932628237
Temperature_Scaling,2,5.0,identity,10000,"0.2, 0.2, 0.2, 0.2, 0.2",0.005118155479431152,0.0007184464006567444,0.02079157829284668,0.0011123347075497267,0.43391111111111114,0.0013606260158496386,1.4654476618425742,0.0015675672194117398,-0.051028253968253966,0.012683565674217719,-0.1654443194600675,0.04974290022010788,0.08578038490100384,0.010780364445468227,-0.35129196317280215,0.00995825837905632,-0.5851124727751424,0.01377712207261653,0.3788826140914539,0.011542374277196961
Temperature_Scaling,2,5.0,root,1000,"0.2, 0.2, 0.2, 0.2, 0.2",0.002473306655883789,0.0019569876334268326,0.003557300567626953,9.574545009315116e-05,0.6078888888888889,0.002481757861889043,1.255270298495457,0.005037860875495026,-0.1389058201058201,0.02334182589760061,-0.2745413573700955,0.0895598178287253,0.20149909488234052,0.03925741133209504,-0.4305867569050424,0.03053648080267139,-0.47701442601851507,0.03840426453324263,0.48673973464067455,0.03513643755290152
Temperature_Scaling,2,5.0,root,10000,"0.2, 0.2, 0.2, 0.2, 0.2",0.006362628936767578,0.004295872272033798,0.02042696475982666,0.0010211717369013546,0.6034111111111111,0.0010773258566338193,1.2650024457948457,0.003348005133338333,-0.11142306878306878,0.008036605560247777,-0.1790645218670322,0.0020707892027192047,0.21406410550271096,0.013001957451366668,-0.43428204602269893,0.010011290724388265,-0.466892758382741,0.012314586582073368,0.49391235458035554,0.0113334511449239
Temperature_Scaling,2,5.0,power,1000,"0.2, 0.2, 0.2, 0.2, 0.2",0.001400327682495117,0.000399919988801917,0.0036697864532470705,0.00037956309012298814,0.3087777777777777,0.003865006029094687,1.5750276854894603,0.009456608614793801,-0.03957037037037037,0.017276278900648687,-0.22463791305004505,0.07447608265693725,0.025396709659637466,0.021955934030885773,-0.28256037576542825,0.03539590566790616,-0.6951562612310958,0.0446488603220852,0.28941275509523445,0.03817438317042273
Temperature_Scaling,2,5.0,power,10000,"0.2, 0.2, 0.2, 0.2, 0.2",0.0038667917251586914,0.00023356096597288171,0.02032926082611084,0.0012016656345550864,0.2880111111111111,0.0011165914230530545,1.57786747486205,0.0012740040360634905,-0.03274645502645502,0.0013955684134611896,-0.36282061080470074,0.20748177203876453,0.02109402329988639,0.0035997836417455266,-0.2819209976178694,0.006580920139108243,-0.6910655684091354,0.008921287384122586,0.28969946226862253,0.007233256662464448
Temperature_Scaling,3,0.75,identity,1000,"0.2, 0.2, 0.2, 0.2, 0.2",0.001780390739440918,0.000262709104987937,0.003728938102722168,0.0005474584265205278,0.8398888888888889,0.003865006029094672,0.6219933304706806,0.020244068252133048,-0.06,0.007023324083039735,-0.5432142857142856,0.13803598665015307,0.08641183072553922,0.007070684845781327,-0.765430889987619,0.04277375313193816,-0.12868609801517653,0.03273952775686766,0.8543792817351094,0.033982089673611694
Temperature_Scaling,3,0.75,identity,10000,"0.2, 0.2, 0.2, 0.2, 0.2",0.004257035255432129,0.00039473914289664457,0.020689678192138673,0.0014678546517640622,0.8421888888888889,0.0011452172866949473,0.5899915900392223,0.003387668527163287,-0.03998735449735445,0.002766811594097591,-0.43333333333333324,0.1360827634879543,0.09355059581699168,0.001525697913559064,-0.7330278182349849,0.009581956683599686,-0.13393265677215405,0.00789468570968644,0.8450735718591902,0.00802077170771617
Temperature_Scaling,3,0.75,root,1000,"0.2, 0.2, 0.2, 0.2, 0.2",0.0018832921981811524,9.642304546275049e-05,0.003722882270812988,0.0006502962929996921,0.9128888888888887,0.004030065335921636,0.3774566071070883,0.014658896497398093,-0.03873703703703703,0.016706494046234775,-0.49714285714285716,0.17089791471435892,0.07181963574454371,0.01421002285437656,-0.7974574788243574,0.04561441317355438,-0.08071337345735316,0.02971599089980312,0.9087280972477142,0.030574840250266945
Temperature_Scaling,3,0.75,root,10000,"0.2, 0.2, 0.2, 0.2, 0.2",0.00513460636138916,0.0004320551713252965,0.02079136371612549,0.0011123508062349696,0.9102,0.000954090176997779,0.3916147593167719,0.0027684052314090363,-0.017600793650793665,0.003862150177223476,-0.7314285714285713,0.11143264135831432,0.07806407458981299,0.0028188965110336403,-0.7896063582645685,0.010148706790170969,-0.08702372169191766,0.007462589522824147,0.9018994584471514,0.007589716072223588
Temperature_Scaling,3,0.75,power,1000,"0.2, 0.2, 0.2, 0.2, 0.2",0.002829432487487793,0.0020623630889588063,0.0036677122116088867,0.0005260537397761526,0.7604444444444445,0.005473467615381089,0.8112917281916581,0.012736306757275568,-0.09171111111111109,0.006822051050951722,-0.2963852813852813,0.06095880989533255,0.08883545687121361,0.0030216760819933653,-0.6723513589021628,0.0340524249499858,-0.20225812365762671,0.03417739926548461,0.7677014062738163,0.03347286724680852
Temperature_Scaling,3,0.75,power,10000,"0.2, 0.2, 0.2, 0.2, 0.2",0.004884934425354004,0.0003737295613036683,0.020441484451293946,0.0009618562078527759,0.7381999999999999,0.0010031500454654974,0.8567298705845028,0.0026638495159042384,-0.08395126984126983,0.0013752593237379256,-0.23333333333333334,0.0,0.09417954925388483,0.0010163903956258496,-0.6609665148625887,0.00796871585447014,-0.21391587606161427,0.007617327927592474,0.7533283096741468,0.007592886018545517
GP_calibration,2,5.0,identity,1000,"0.2, 0.2, 0.2, 0.2, 0.2",55.72355053424835,16.487558443203667,4.245373249053955,0.15617490973144255,0.409,0.007036062310661138,1.534959303013169,0.04479367536747258,-0.05142367592445457,0.02267897447204542,-0.20306182650731577,0.09088354389074929,0.12641624627909717,0.048795858465993804,-0.3795000765781236,0.03827046974162719,-0.5467731872442114,0.04654885426729057,0.41024196815199615,0.04105153759518932
GP_calibration,2,5.0,identity,10000,"0.2, 0.2, 0.2, 0.2, 0.2",598.6743293046951,27.44512206517933,33.044909429550174,0.7558151962547036,0.42646666666666666,0.005682693385642616,1.4602609829852076,0.0028247961914780297,-0.03149624616519563,0.004845063477222477,-0.3068893049263327,0.3561730256769083,0.15671781312493085,0.01984320212669051,-0.36518010933570616,0.005471378702544434,-0.5442363828569635,0.010794789868609603,0.40385621650695924,0.006753071773037309
GP_calibration,2,5.0,root,1000,"0.2, 0.2, 0.2, 0.2, 0.2",60.126828980445865,3.0316000245479326,4.038026523590088,0.0683330756957831,0.5927777777777778,0.01665637542353248,1.2653818383201572,0.026886991011391553,-0.09831579356251213,0.030266260818851174,-0.22197376680661743,0.037981586221264255,0.2106393253376162,0.05945282773491759,-0.4627756711601296,0.025413710675931664,-0.44387710391075014,0.03669096785135527,0.517497738899636,0.030917677967591217
GP_calibration,2,5.0,root,10000,"0.2, 0.2, 0.2, 0.2, 0.2",591.8865366220474,19.824785583184507,32.567324900627135,0.3916913592411338,0.6003999999999999,0.0038294218727226315,1.225553417451133,0.002331851726463902,-0.0712990476190476,0.008224288102147882,-0.16776476827633152,0.01561864547224272,0.2457883846725264,0.024081621691223305,-0.4768085976631561,0.009018514251025908,-0.4077311254742176,0.014192694229260571,0.546086284688989,0.011614212304177375
GP_calibration,2,5.0,power,1000,"0.2, 0.2, 0.2, 0.2, 0.2",58.41673743724823,2.422585709252869,4.068478655815125,0.1612985992531712,0.2462222222222222,0.01081329263767695,1.6614311656364102,0.023509235248713522,-0.04442767779724301,0.018294323812945903,-0.5027705627705628,0.1477029097177617,0.04528265589358655,0.03529580548956164,-0.2741800788189786,0.01943804060109465,-0.6989132159657282,0.028198515689842062,0.280368255849193,0.02125602700504127
GP_calibration,2,5.0,power,10000,"0.2, 0.2, 0.2, 0.2, 0.2",586.9486891508102,16.395616668797697,32.88432276248932,1.045563003019964,0.27453333333333335,0.003924108594048777,1.5954623082545618,0.006506571389603961,-0.028161701488289996,0.009114433669593684,-0.2689732444702019,0.14890512901505612,0.06152793300865504,0.016345659130870396,-0.28084182664180435,0.009881879015199742,-0.6726352881325985,0.012715962386357247,0.29361733190816464,0.010373156062909972
GP_calibration,3,0.75,identity,1000,"0.2, 0.2, 0.2, 0.2, 0.2",38.20017223358154,25.605885807542446,4.025314283370972,0.06439978871430714,0.8266666666666665,0.00488552072528626,0.6740947718882004,0.025332813155255464,-0.04645555555555556,0.014773233922795071,-0.45595238095238094,0.1653052864929141,0.14102432593279274,0.018523387422325337,-0.6988830837749097,0.0333177280543536,-0.14639614593414196,0.032817260406629994,0.8265711068691868,0.0317919949713359
GP_calibration,3,0.75,identity,10000,"0.2, 0.2, 0.2, 0.2, 0.2",595.0663709163666,23.315533435761775,32.55283784866333,0.19649132860236315,0.8424555555555555,0.0015934106426136845,0.5957085306246565,0.009719228180310652,-0.019949100529100518,0.005773838376383231,-0.20515154695984733,0.05282263105902742,0.15468454198586562,0.01664217600744403,-0.6950739803375858,0.0074569514712050115,-0.13671351253446717,0.010304616207024647,0.836867288564487,0.009203552934619458
GP_calibration,3,0.75,root,1000,"0.2, 0.2, 0.2, 0.2, 0.2",47.75835037231445,13.772720134432458,4.037655925750732,0.12101886413724337,0.9132222222222222,0.002744242007828544,0.39370247747676457,0.010227048567379611,-0.04840740740740739,0.0225812423731585,-0.4519047619047619,0.1526857071571142,0.10199439504222493,0.04228913627792543,-0.7315816774952257,0.06189099291233618,-0.10459443614384449,0.02527447643516069,0.8809716492268116,0.027123425747760315
GP_calibration,3,0.75,root,10000,"0.2, 0.2, 0.2, 0.2, 0.2",555.924683046341,8.289661399455902,32.36035587787628,0.31874319520791117,0.9140888888888888,0.0008977948904370796,0.37627373351038296,0.0051916316464967775,-0.0171642328042328,0.004873721405486864,-0.34072428647910424,0.06333972349093892,0.07015476405497904,0.015837803361041118,-0.8048022317004688,0.021187309443394035,-0.07709522994705437,0.00661719502772858,0.9127647063571519,0.007611241780555259
GP_calibration,3,0.75,power,1000,"0.2, 0.2, 0.2, 0.2, 0.2",59.8891606092453,3.0439445791950868,4.162890219688416,0.3575063955711454,0.7427777777777778,0.007485697382002874,0.8985730945171758,0.031376603199432855,-0.04853227513227513,0.009720045131712225,-0.44857142857142857,0.23772245949859888,0.186261080073444,0.08461959354165284,-0.6400653903714171,0.04435627022538186,-0.19811830137649805,0.02381320480167397,0.7602988837946704,0.02515250843276361
GP_calibration,3,0.75,power,10000,"0.2, 0.2, 0.2, 0.2, 0.2",581.4215215444565,21.69439274323905,32.88196470737457,0.4116739884460319,0.7407222222222222,0.001529992782647,0.8405650193583101,0.003783421801796644,-0.022261640211640215,0.006616391476322723,-0.08228643436018879,0.028621064323965353,0.2818641200290213,0.025507518756076403,-0.5662081752397651,0.015562648719205185,-0.20502978320131243,0.010467110855147139,0.7356126724198585,0.01089036690166554
